neuma
23250200194078000194550010000142601000142617
23250233658241000181550020000014651000014668
23250200194078000194550010000142801000142814
23250200194078000194550010000143121000143131

082 empório
27250202865831000151550010026911401151061991
27250202865831000151550010026976861802425442
27250217191761000170550010001858111439157204
26250219791896015809550010001149001475061814
26250219791896015809550010001149011135085900
27250219791896015710550010000257361536758150
27250275315333021610550010010694921752594320

Vitor
31250205202611000136550010000650711100268712
35250234594500000110550010000044411719402201
31250205202611000136550010000650891100209060
31250205202611000136550010000651131100281702
31250218351278000179558030000196601011386376
42250220314989000387550010000010901012402230
43250207925232000108550010000176031412200340
35250234594500000110550010000044711348578560
41250204315204000172550010000114311012008900
31250205202611000136550010000651501100051336
52250212223212000117550010000427551327212793
31250205202611000136550010000651671100253505
27250209619157000174550010002112201871852307
31250205202611000136550010000651811100161383
31250205202611000136550010000652061100246835
31250205202611000136550010000652431100181532
31250205202611000136550010000652531100089080
31250205202611000136550010000652811100208113
52250212223212000117550010000428471859554277
31250205202611000136550010000653041100219103
31250205202611000136550010000653251100097300
31250205202611000136550010000653521100150860
32250203657569000546550010000041421659263419
31250205202611000136550010000653691100060907
31250205202611000136550010000653991100119781
31250205202611000136550010000654411100150587
31250205202611000136550010000654581100138614
52250212223212000117550010000429161587541668

082 feijoada
27250275315333021700550010001629421754141181
27250256228356011338550350000348881186704621
27250228994722000128550050000016691316640752
27250217191761000170550010001823991125101255
27250206057223052058553000000628871408256484
27250206057223052058553000000628991408298218
27250203656804002428550030001284541203346110
27250208729141000151550010007529531108388012
27250206057223052058553000000629791408553857
27250209358347000185550050001657631054484011
27250207196033005590550010046900371639054500
27250229295287000106550010000206881379317255
27250202865831000151550010026911391931230848
27250208729141000151550010007536491754715590
27250217191761000170550010001836871441109015
27250206057223052058553000000633161409518720
27250206057223052058553000000633171409528936
27250206057223052058553000000634221409837640
27250207196033005590550010046942691367253145
27250229295287000106550010000208311150169228
27250206057223052058553000000635201410141175
27250229295287000106550010000209571597912317
27250202865831000151550010026944741174101572
27250217191761000170550010001843731744818988
27250208729141000151550010007543021701061938
27250256228356011338550350000442981471094558
27250207196033005590550010047009341979858638
27250217191761000170550010001847441239252247
27250206057223052058553000000638531410854047
27250202865831000151550010026954251754490191
27250209358347000185550050001660021054591811
26250203226633000100550050004484651370002414
27250228994722000128550050000017051601918117
27250208729141000151550010007550851163155197
27250206057223052058553000000639521411235110
27250275315333021700550010001643221754177481

27250206057223052058553000000640261411451055
27250202865831000151550010026967631296882619
27250217191761000170550010001854881985143230
27250208729141000151550010007553561157850045
27250256228356011338550350000490311445010256
27250229295287000106550010000213851161991933
27250207196033005590550010047105001101889771
27250263310411001922550010008907351629617879
27250203636036000154550010058052981956686803
27250226789538000463550020000002021934583563
27250212423997000171550010013657071129886229
27250222221387000149550020002033901005231040
27250203636036000154550010058065421341699810
27250206057223052058553000000644391412693028
26250203226633000100550050004489621312635081
27250226789538000463550020000002141589886642
27250208729141000151550010007564791171599316
27250208729141000151550010007564841201551324
27250212423997000171550010013662101184571121
27250206057223052058553000000645491413015564
27250206057223052058553000000645511413018987
27250206057223052058553000000645561413022310
27250206057223052058553000000646001413164629
27250206057223052058553000000646041413165357
27250202865831000151550010027002091208692406
27250212423997000171550010013671851411151560
27250208729141000151550010007568271128137107
27250207196033005590550010047226211567052263
27250256228356011338550350000557671924104222
27250256228356011338550350000557681971668720
27250208729141000151550010007571061170138155
27250217191761000170550010001874301492281391
27250206057223052058553000000648371413836393
27250212423997000171550010013687781554341853
27250217191761000170550010001876991136561855
27250206057223052058553000000650101414300036
27250203656804002428550030001316951571943774
27250201838723032835550010007092211016306012
27250201838723032835550010007092221410925084
27250206057223052058553000000650601414477973
27250206057223052058553000000650931414588750
27250275315333021610550010010694891752593930
27250275315333021610550010010694941752596549
